Statistical summary for the preprocessed numedical data: 
           event_time     event_type    product_id   category_id  category_code          brand         price       user_id   user_session  product_id_binned          pca1          pca2
count  124817.000000  124817.000000  1.248170e+05  1.248170e+05  124817.000000  124817.000000  1.248170e+05  1.248170e+05  124817.000000      124817.000000  1.248170e+05  1.248170e+05
mean     8276.497336       1.937893  5.510510e-17  3.471940e-14      75.202296     501.637005  5.965924e-17 -5.109746e-16   16314.200958           0.999055  1.092994e-17  2.914650e-17
std      3828.612701       0.314155  1.000004e+00  1.000004e+00      27.261635     326.213035  1.000004e+00  1.000004e+00    9441.102009           0.815923  1.177857e+00  1.001233e+00
min         0.000000       0.000000 -5.402565e-01 -1.625076e-01       0.000000       0.000000 -8.954503e-01 -1.358779e+01       0.000000           0.000000 -3.444459e+00 -1.330575e+01
25%      5149.000000       2.000000 -5.398461e-01 -1.625074e-01      55.000000     141.000000 -6.422002e-01 -9.468500e-01    8142.000000           0.000000 -5.160150e-01 -9.471872e-01
50%      8513.000000       2.000000 -4.776189e-01 -1.625074e-01      93.000000     531.000000 -3.816716e-01 -2.548737e-01   16409.000000           1.000000 -1.874043e-01 -2.188038e-01
75%     11637.000000       2.000000 -2.556292e-02 -1.625071e-01      93.000000     770.000000  2.749308e-01  1.017272e+00   24439.000000           2.000000  2.820638e-01  9.902024e-01
max     14381.000000       2.000000  5.976205e+00  8.166490e+00     121.000000     976.000000  5.653242e+00  1.461342e+00   32656.000000           2.000000  7.575330e+00  3.145931e+00
